ACCOUNT_ID=0.0.2908916
PUBLIC_KEY=302a300506032b6570032100361d8f20057308e358b56c88f07a28796b0d0160f30613813d62be40d2a834e4
PRIVATE_KEY=302e020100300506032b657004220420383a0ad2ad2b3fd8e85fc1f7926072623b90eb9116cf56c9cfaeea15cb09815c
TOPIC_ID=0.0.28583